
=======================================================================================================================================
IPv4 Statistics/Destinations and Ports:
Topic / Item            Count         Average       Min val       Max val       Rate (ms)     Percent       Burst rate    Burst start  
---------------------------------------------------------------------------------------------------------------------------------------
Destinations and Ports  574                                                     0.0141        100%          0.9300        16.710       
 91.189.91.157          1                                                       0.0000        0.17%         0.0100        26.090       
  UDP                   1                                                       0.0000        100.00%       0.0100        26.090       
   123                  1                                                       0.0000        100.00%       0.0100        26.090       
 74.125.130.188         1                                                       0.0000        0.17%         0.0100        33.985       
  TCP                   1                                                       0.0000        100.00%       0.0100        33.985       
   5228                 1                                                       0.0000        100.00%       0.0100        33.985       
 3.216.113.239          5                                                       0.0001        0.87%         0.0200        14.591       
  TCP                   5                                                       0.0001        100.00%       0.0200        14.591       
   443                  5                                                       0.0001        100.00%       0.0200        14.591       
 216.58.200.138         1                                                       0.0000        0.17%         0.0100        14.359       
  TCP                   1                                                       0.0000        100.00%       0.0100        14.359       
   443                  1                                                       0.0000        100.00%       0.0100        14.359       
 216.58.196.163         6                                                       0.0001        1.05%         0.0200        5.093        
  UDP                   5                                                       0.0001        83.33%        0.0200        5.093        
   443                  5                                                       0.0001        100.00%       0.0200        5.093        
  TCP                   1                                                       0.0000        16.67%        0.0100        27.841       
   443                  1                                                       0.0000        100.00%       0.0100        27.841       
 192.168.0.107          283                                                     0.0070        49.30%        0.5300        16.719       
  UDP                   260                                                     0.0064        91.87%        0.5300        16.719       
   59463                9                                                       0.0002        3.46%         0.0800        16.488       
   58416                20                                                      0.0005        7.69%         0.0700        2.459        
   55671                13                                                      0.0003        5.00%         0.1200        1.544        
   53975                7                                                       0.0002        2.69%         0.0300        5.127        
   52739                144                                                     0.0035        55.38%        0.5100        16.719       
   50525                1                                                       0.0000        0.38%         0.0100        16.452       
   43439                30                                                      0.0007        11.54%        0.0800        21.301       
   42040                1                                                       0.0000        0.38%         0.0100        14.321       
   39056                1                                                       0.0000        0.38%         0.0100        26.420       
   38587                16                                                      0.0004        6.15%         0.0800        20.429       
   34823                18                                                      0.0004        6.92%         0.1000        16.627       
  TCP                   23                                                      0.0006        8.13%         0.0500        14.391       
   56726                1                                                       0.0000        4.35%         0.0100        17.613       
   56266                1                                                       0.0000        4.35%         0.0100        34.026       
   55220                1                                                       0.0000        4.35%         0.0100        17.613       
   51176                1                                                       0.0000        4.35%         0.0100        27.853       
   48938                2                                                       0.0000        8.70%         0.0200        14.591       
   48934                2                                                       0.0000        8.70%         0.0100        24.064       
   47786                5                                                       0.0001        21.74%        0.0500        16.514       
   40578                5                                                       0.0001        21.74%        0.0500        20.395       
   40574                5                                                       0.0001        21.74%        0.0500        14.391       
 192.168.0.1            2                                                       0.0000        0.35%         0.0100        14.280       
  UDP                   2                                                       0.0000        100.00%       0.0100        14.280       
   53                   2                                                       0.0000        100.00%       0.0100        14.280       
 172.217.31.196         18                                                      0.0004        3.14%         0.0200        14.359       
  TCP                   18                                                      0.0004        100.00%       0.0200        14.359       
   443                  18                                                      0.0004        100.00%       0.0200        14.359       
 172.217.26.174         138                                                     0.0034        24.04%        0.4500        22.456       
  UDP                   138                                                     0.0034        100.00%       0.4500        22.456       
   443                  138                                                     0.0034        100.00%       0.4500        22.456       
 172.217.167.142        15                                                      0.0004        2.61%         0.0400        2.459        
  UDP                   15                                                      0.0004        100.00%       0.0400        2.459        
   443                  15                                                      0.0004        100.00%       0.0400        2.459        
 172.217.166.99         1                                                       0.0000        0.17%         0.0100        14.359       
  TCP                   1                                                       0.0000        100.00%       0.0100        14.359       
   443                  1                                                       0.0000        100.00%       0.0100        14.359       
 172.217.166.110        32                                                      0.0008        5.57%         0.1500        16.578       
  UDP                   25                                                      0.0006        78.12%        0.1100        16.580       
   443                  25                                                      0.0006        100.00%       0.1100        16.580       
  TCP                   7                                                       0.0002        21.88%        0.0600        16.505       
   443                  7                                                       0.0002        100.00%       0.0600        16.505       
 172.217.163.35         1                                                       0.0000        0.17%         0.0100        17.601       
  TCP                   1                                                       0.0000        100.00%       0.0100        17.601       
   443                  1                                                       0.0000        100.00%       0.0100        17.601       
 172.217.163.163        1                                                       0.0000        0.17%         0.0100        17.601       
  TCP                   1                                                       0.0000        100.00%       0.0100        17.601       
   443                  1                                                       0.0000        100.00%       0.0100        17.601       
 172.217.163.138        12                                                      0.0003        2.09%         0.0700        1.628        
  UDP                   11                                                      0.0003        91.67%        0.0700        1.628        
   443                  11                                                      0.0003        100.00%       0.0700        1.628        
  TCP                   1                                                       0.0000        8.33%         0.0100        14.359       
   443                  1                                                       0.0000        100.00%       0.0100        14.359       
 172.217.160.142        57                                                      0.0014        9.93%         0.1400        14.358       
  UDP                   43                                                      0.0011        75.44%        0.1000        21.302       
   443                  43                                                      0.0011        100.00%       0.1000        21.302       
  TCP                   14                                                      0.0003        24.56%        0.0600        14.359       
   443                  14                                                      0.0003        100.00%       0.0600        14.359       

---------------------------------------------------------------------------------------------------------------------------------------
